11342
11744
11846
11952
11953
11960
11961
11964
11965
12275
12358
12359
12459
13305
13306
13385
13386
15113
15127
15131
15184
15198
15202
15793
15907
15908
15919
15920
16589
16607
16608
16609
16610
16615
16616
16617
16618
17186
17603
17604
17605
17606
18475
18824
18825
18826
18827
18828
18829
18830
18831
18832
18833
18834
18835
18836
18837
18838
18839
18840
18841
18842
18843
18844
18845
18846
18847
18848
19438
19439
19718
19719
19720
19721
19722
19723
19724
19725
19726
19727
19728
19729
19730
19731
19732
19733
19996
20000
20004
20007
20013
20025
20029
20036
20115
20137
20138
20139
20140
20141
20142
20143
20144
20145
20146
20297
20298
20299
20300
20301
20302
20303
20304
20305
20319
20320
20321
20322
20323
20324
20325
20326
20337
20338
20339
20340
20341
20342
20345
20346
20590
20616
20619
20782
20783
20792
20793
20794
20795
21353
21354
21357
21358
21359
21360
21365
21366
21367
21368
21369
21370
21371
21372
21373
21374
21375
21376
21799
21800
21801
21802
21803
21804
21807
21808
21809
21810
23415
23416
23417
23418
23420
23421
23422
23423
23425
23426
23427
23429
23430
23431
23432
23433
23436
23437
23438
23440
23441
23442
23443
23445
23446
23447
23448
23450
23451
23452
23453
23747
23748
23749
23750
23751
23752
23753
23754
23755
23756
23757
23758
23759
23760
23761
23762
23763
23764
23765
23766
23991
23992
23993
24742
24743
24744
24745
24746
24747
24748
24749
25311
25312
25313
25314
25315
25316
25317
25318
25319
25320
25321
25322
25323
25324
25325
25326
25327
25328
25329
25330
25331
25332
25333
25334
25335
25336
25337
25338
25339
25340
25341
25342
26257
26258
26259
26344
26378
26379
26380
26381
26382
26383
26384
26385
26386
26387
26388
26389
26390
26391
26392
26393
26394
26395
26396
26397
26398
26399
26400
26401
26402
26403
26404
26405
26406
26407
26408
26409
26410
26411
26412
26413
26414
26415
26416
26417
28283
28284
28285
28286
28287
28288
28289
28290
28291
28292
28293
28294
28295
28296
28297
28298
28299
28300
28301
28302
28303
28304
28305
28306
28372
28373
28374
28375
28376
28377
28378
28379
28380
28735
28736
28737
28903
28904
28905
28906
28907
28908
28909
28910
28911
28912
28913
28914
28915
28916
28917
28918
28919
28920
28921
28922
28923
28924
28925
28926
28927
28928
28929
28930
28931
28932
28933
28934
28952
28953
28954
28955
28956
28957
28958
28959
28960
28961
28962
28963
28964
28965
28966
28967
28968
28969
28970
28971
28972
28973
28974
28975
28976
28977
28978
28979
28980
28981
28982
28983
28984
28985
28986
28987
28988
28989
28990
28991
28992
28993
28994
28995
28996
28997
28998
28999
29158
29159
29160
29161
29162
29163
29164
29165
29166
29167
29168
29169
29170
29171
29172
29173
29174
29175
29176
29177
29178
29179
29180
29181
29182
29183
29184
29185
29186
29187
29188
29189
30045
30046
30047
30048
30049
30050
30051
30052
30053
30054
30055
30056
30057
30058
30059
31287
31288
31289
31290
31291
31292
31293
31294
31295
31296
31297
31298
31299
31300
31301
31302
31303
31304
31305
31306
31307
31308
31309
31310
31311
31312
31313
31314
31315
31316
31317
31318
31319
31320
31321
31322
31323
31324
31325
31326
31327
31328
31329
31330
